"count" "IO random read" "IO random write" "IO sequential read" "IO sequential write" 
40000000 48779504097 196320117952 27362135922 82112083753
1000 1385181 1808676 1021592 1461187
1000000000 1330804167509 6503196422223 687345437741 1021841156938
100000 140101382 163623509 93268411 111886637
10000000 13475628225 50555328058 7416101499 37455052864
2000000 3207157733 6633167299 1808026113 2384348866
30000000 44139492356 162560092646 24204135133 81520949294
1000000 1491505174 2292654921 837526078 1114338326
20000000 27975851462 100007452570 15247241189 20462173424
100 293701 257893 226383 264392
200000 274613328 319419756 164314380 227131222
50000000 68246797288 212253848517 42436834419 59668090739
300000000 495719767550 1574293565183 213412494070 281803943895
600000000 796689252832 3228027370996 412564240007 689935172880
